[list([0.0, 0.0, -2.1739141281531437e-13, 0.0, -1.4561868231662278e-10, -1.5842073079191948e-15, 0.0, 0.0, 0.0, 0.0, 0.0])
 list([3202326122322.816, 1671604981369.1196, 2199363133501.344])]

[list([0.0, 0.0, -2.1739141281531437e-13, 0.0, -1.9384746319620812e-10, -1.5842073079191948e-15, 0.0, 2.8175611014220933e-05, -2.127566964295792e-06, -1.5381735682487136e-08, 9.598291707200392e-10])
 list([300911216670.45276, 174428139288.59888, 161368705239.57364])]

[list([0.0, 0.0, -2.1739141281531437e-13, 0.0, -1.4561868231662278e-10, -1.5842073079191948e-15, 0.0, 0.0, 0.0, 0.0, 0.0])
 list([3202326122322.816, 1671604981369.1196, 2199363133501.344])]

[list([0.0, 0.0, -2.5812050139607837e-13, 0.0, -2.218190564099299e-10, -1.986289253172781e-15, 8.479603830964833e-16, 1.9328756825275835e-05, -1.951988168094533e-06, -1.1987831452245436e-08, 8.883025950187915e-10])
 list([423697415000.23047, 269055890004.65137, 208452702996.50937])]

[list([0.0, 0.0, -2.1739141281531437e-13, 0.0, -1.4561868231662278e-10, -1.5842073079191948e-15, 0.0, 0.0, 0.0, 0.0, 0.0])
 list([3202326122322.816, 1671604981369.1196, 2199363133501.344])]

BEST VECTOR###6
[list([0.0, 0.0, 0.0, 5.834660798755909e-11, -1.6923242522507493e-10, 0.0, 0.0, 2.755446280388339e-05, -1.7016833654215825e-06, -2.0084714835345754e-08, 8.630339396332859e-10])
 list([591935759712.301, 235837180258.76172, 403266015505.2916])]

 BEST VECTOR###7
[list([0.0, -1.0420979436842517e-12, 0.0, 3.5253277083045766e-11, -1.9816456649250936e-10, -2.231268063442738e-15, 0.0, 1.6139079295651645e-05, -1.7056279640672155e-06, -1.5381735682487136e-08, 8.873883590339323e-10])
 list([581118583874.1041, 490826878971.5462, 188457080696.8671])]

BEST VECTOR###8
[list([0.0, 0.0, -2.1739141281531437e-13, 0.0, -1.4561868231662278e-10, -1.5842073079191948e-15, 0.0, 0.0, 0.0, 0.0, 0.0])
 list([3202326122322.816, 1671604981369.1196, 2199363133501.344])]

BEST VECTOR###9
[list([0.0, 0.0, -2.1739141281531437e-13, 0.0, -1.4561868231662278e-10, -1.5842073079191948e-15, 0.0, 0.0, 0.0, 0.0, 0.0])
 list([3202326122322.816, 1671604981369.1196, 2199363133501.344])]


BEST VECTOR###10
[list([0.0, 0.0, -2.1739141281531437e-13, 0.0, -1.4561868231662278e-10, -1.5842073079191948e-15, 0.0, 0.0, 0.0, 0.0, 0.0])
 list([3202326122322.816, 1671604981369.1196, 2199363133501.344])]



 # gen[10][0]
    # best_vect = [
    #                     0.0,
    #                     -1.2483724940753581e-12,
    #                     -2.4424178090684313e-13,
    #                     3.544093803297842e-11,
    #                     -1.8201095794071296e-10,
    #                     -1.882864725551219e-15,
    #                     7.347088052499573e-16,
    #                     2.5648732013302444e-05,
    #                     -1.892178219628207e-06,
    #                     -1.4596785583458199e-08,
    #                     8.74323224661465e-10
    #                 ]
    # guess rank 20
    # [
    #                 0.0,
    #                 -1.4709674148197378e-12,
    #                 0.0,
    #                 0.0,
    #                 -2.2653991408652525e-10,
    #                 -1.48230540861011e-15,
    #                 7.011819656124058e-16,
    #                 2.5296736507025282e-05,
    #                 -1.676070771376038e-06,
    #                 -1.3683227552671525e-08,
    #                 7.3e-10
    #             ]6.5, 5.9
    # [13889535856618.54, 21700406230490.523]
    # Rank 5 when 5.9e-10
    best_vect = [
                    0.0,
                    -1.4709674148197378e-12,
                    1.620107525277624e-16,
                    1.620107525277624e-14,
                    -2.2653991408652525e-10,
                    -1.48230540861011e-15,
                    7.011819656124058e-16,
                    2.5296736507025282e-05,
                    -1.676070771376038e-06,
                    -1.3683227552671525e-08,
                    5.94243234231323131e-10
                ]

    # gen[20][0] - good one
    best_vect = [
                    0.0,
                    -1.5865016584384983e-12,
                    -2.4865688411122263e-13,
                    3.627406507303929e-11,
                    -1.8816187523440078e-10,
                    -1.2897019636621807e-15,
                    9.111493182983374e-16,
                    2.6063209250956248e-05,
                    -1.945930827003843e-06,
                    -1.404080680732743e-08,
                    8.614650484864551e-10
                ]
    # gen[20][1]
    best_vect = [
                        0.0,
                        -1.2483724940753581e-12,
                        -2.4424178090684313e-13,
                        3.544093803297842e-11,
                        -1.8201095794071296e-10,
                        -1.882864725551219e-15,
                        7.347088052499573e-16,
                        2.5648732013302444e-05,
                        -1.892178219628207e-06,
                        -1.4596785583458199e-08,
                        8.74323224661465e-10
                    ]
    # gen[25][0]
    best_vect = [
                    0.0,
                    -1.1941155219765684e-12,
                    -1.695096290059049e-13,
                    3.579216094040096e-11,
                    -1.4802661400667734e-10,
                    -1.4788833243487021e-15,
                    7.281779824258318e-16,
                    2.7256154675493196e-05,
                    -1.9379465500776007e-06,
                    -1.9567784186364858e-08,
                    9.638892017359763e-10
                ]
    # gen[33][2]
    best_vect = [
                        0.0,
                        -1.2936028372886853e-12,
                        9.458679750040452e-14,
                        4.068119709391093e-11,
                        -1.8955411773995403e-10,
                        -1.8816957154125164e-15,
                        6.851864608768857e-16,
                        2.1373323880971413e-05,
                        -1.8467006529384412e-06,
                        -1.3079865385762899e-08,
                        8.576693190341424e-10
                    ]
    # gen[37][0]
    best_vect = [
                        0.0,
                        -1.7199323526524633e-12,
                        -2.4835446162879115e-13,
                        4.056205938891405e-11,
                        -2.0451792589205904e-10,
                        -1.3883107993739917e-15,
                        8.908831287985808e-16,
                        2.789652910091177e-05,
                        -1.934801888753834e-06,
                        -1.8934112241857978e-08,
                        9.459952574459843e-10
                    ]
    # print(submit(SECRET_KEY, best_vect))
    # print(get_errors(SECRET_KEY, best_vect))

    # gen[50][0] 44
    best_vect = [
                        0.0,
                        -1.664457522078573e-12,
                        -2.0478860870455952e-13,
                        3.729006944812921e-11,
                        -1.8434336026967198e-10,
                        -1.2033083611482643e-15,
                        7.905494679334175e-16,
                        2.6042220208117795e-05,
                        -1.947456172975666e-06,
                        -1.6241906009769523e-08,
                        9.075136298124606e-10
                    ]
    # print(submit(SECRET_KEY, best_vect))
    # gen[50][3] 30
    best_vect = [
                        0.0,
                        -1.7911937910581995e-12,
                        -2.8994385353626364e-13,
                        5.363833945711488e-11,
                        -2.0749069465413262e-10,
                        -1.6743631298414099e-15,
                        5.6522659094732e-16,
                        2.677347371922541e-05,
                        -1.930492470972546e-06,
                        -1.4442067158612289e-08,
                        8.720111022318867e-10
                    ]
    
    # Vector 29
    best_vect = [
                    0.0,
                    -1.4709674148197378e-12,
                    9.458679750040452e-14,
                    5.94423542227152e-11,
                    -2.2653991408652525e-10,
                    -1.48230540861011e-15,
                    7.011819656124058e-16,
                    2.5296736507025282e-05,
                    -1.676070771376038e-06,
                    -1.3683227552671525e-08,
                    7.533411281712756e-10
                ]
