
[]

[([0.0, 0.0, -2.2245622948092905e-13, 0.0, 0.0, 0.0, 0.0, 0.0, -2.404363796719305e-06, 0.0, 0.0], [0, 0, 0]), ([0.0, -1.845883817695068e-12, 0.0, 0.0, 0.0, 0.0, 0.0, 0.0, -1.6368166066713382e-06, 0.0, 1.2475860359805732e-09], [0, 0, 0]), ([0.0, -1.69110786984058e-12, -1.6249255697013825e-13, 0.0, 0.0, -1.3371218683109034e-15, 0.0, 2.667954891305281e-05, -1.541495257096368e-06, 0.0, 0.0], [0, 0, 0]), ([0.0, 0.0, 0.0, 4.2062526155081824e-11, 0.0, 0.0, 0.0, 0.0, -1.551870761056975e-06, 0.0, 0.0], [0, 0, 0]), ([0.0, 0.0, -2.5705947956101424e-13, 0.0, 0.0, 0.0, 1.0049801688387514e-15, 0.0, 0.0, -1.8669387577285224e-08, 7.608556053317749e-10], [0, 0, 0]), ([0.0, 0.0, 0.0, 3.995534707465595e-11, 0.0, 0.0, 0.0, 0.0, 0.0, -1.4517679620889184e-08, 0.0], [0, 0, 0]), ([0.0, 0.0, 0.0, 4.501371530767426e-11, 0.0, 0.0, 0.0, 0.0, 0.0, -1.1951636650733995e-08, 0.0], [0, 0, 0]), ([0.0, 0.0, 0.0, 0.0, 0.0, 0.0, 9.356965782551456e-16, 0.0, -1.8246157342510464e-06, -1.8320700335609835e-08, 0.0], [0, 0, 0]), ([0.0, 0.0, 0.0, 0.0, 0.0, 0.0, 0.0, 0.0, 0.0, 0.0, 0.0], [0, 0, 0]), ([0.0, 0.0, -1.819241296257503e-13, 0.0, 0.0, 0.0, 0.0, 0.0, 0.0, 0.0, 0.0], [0, 0, 0]), ([0.0, 0.0, 0.0, 3.302892420544619e-11, 0.0, 0.0, 0.0, 1.960299351715084e-05, 0.0, 0.0, 8.578680592540414e-10], [0, 0, 0]), ([0.0, -1.2537904265374158e-12, 0.0, 4.488394448308401e-11, 0.0, 0.0, 0.0, 0.0, 0.0, 0.0, 0.0], [0, 0, 0]), ([0.0, 0.0, 0.0, 0.0, -2.0294006857669304e-10, 0.0, 0.0, 1.6937027289804508e-05, 0.0, 0.0, 1.0692611141461014e-09], [0, 0, 0]), ([0.0, 0.0, 0.0, 0.0, -2.0015816632129546e-10, -1.364360052342548e-15, 6.09713314872385e-16, 0.0, 0.0, 0.0, 0.0], [0, 0, 0]), ([0.0, -1.3934898475154266e-12, 0.0, 0.0, 0.0, 0.0, 0.0, 0.0, 0.0, 0.0, 0.0], [0, 0, 0])]

[]
# The following is the generated one.
[([0.0, 0.0, -2.1739141281531437e-13, 0.0, -1.4561868231662278e-10, -1.5842073079191948e-15, 0.0, 0.0, 0.0, 0.0, 0.0], [3202326122322.816, 1671604981369.1196, 2199363133501.344]), ([0.0, 0.0, -2.200983436642408e-13, 0.0, -1.6545482466998874e-10, 0.0, 0.0, 0.0, 0.0, 0.0, 1.2012131290102736e-09], [1787501852962423.8, 708690771137648.6, 1362287390279834.5]), ([0.0, -1.3718695642164273e-12, -2.86133490083856e-13, 0.0, 0.0, 0.0, 0.0, 0.0, 0.0, 0.0, 0.0], [4843747391685.002, 2031280283262.1824, 3624979221727.693]), ([0.0, 0.0, 0.0, 5.613079885787623e-11, 0.0, 0.0, 0.0, 0.0, 0.0, -2.0084714835345754e-08, 0.0], [149293156155848.7, 64596995175366.9, 110534959050628.53]), ([0.0, -1.254797393636453e-12, 0.0, 0.0, -1.9816456649250936e-10, -1.4862867833593057e-15, 0.0, 1.6139079295651645e-05, 0.0, -1.5381735682487136e-08, 0.0], [28838463071035.438, 15140527616923.943, 19754146500881.074]), ([0.0, -1.824992247402601e-12, 0.0, 0.0, 0.0, 0.0, 0.0, 0.0, 0.0, -1.4063916859032531e-08, 1.123813084074328e-09], [897215076546148.8, 360811513772808.06, 680728168282463.9]), ([0.0, -1.8129626145758811e-12, -2.973783231827174e-13, 0.0, 0.0, -1.955994378414344e-15, 0.0, 0.0, -2.0863021928616105e-06, 0.0, 0.0], [876533167437959.5, 359409914383397.4, 660887218807921.1]), ([0.0, -1.3993610988331725e-12, 0.0, 0.0, 0.0, 0.0, 6.065471086558722e-16, 0.0, -2.6480494438847392e-06, -1.2287590644834781e-08, 0.0], [2018753293010257.5, 800139320577396.9, 1538669700663819.2]), ([0.0, 0.0, 0.0, 0.0, 0.0, 0.0, 9.30852298462043e-16, 0.0, 0.0, -1.4660991952706303e-08, 0.0], [71683202274045.36, 32365392945814.82, 52263966506556.47]), ([0.0, 0.0, 0.0, 0.0, 0.0, -1.4722462805110977e-15, 8.007410689738932e-16, 0.0, 0.0, -1.7547439065939982e-08, 0.0], [132154022512029.9, 60035923475319.05, 96132468426838.47]), ([0.0, -1.8181338920696735e-12, 0.0, 0.0, 0.0, 0.0, 1.0525064451094843e-15, 0.0, 0.0, -2.0246369703864914e-08, 0.0], [152044657086393.12, 65731802901156.64, 112605575345699.12]), ([0.0, 0.0, 0.0, 0.0, 0.0, -1.3262998900637332e-15, 8.806472082009527e-16, 0.0, 0.0, 0.0, 0.0], [3266688980915.4097, 1604752921194.4478, 2303837228198.741]), ([0.0, 0.0, 0.0, 0.0, 0.0, 0.0, 0.0, 0.0, 0.0, -1.9688775070167554e-08, 0.0], [142661107705871.4, 61860101103981.71, 105545047043482.38]), ([0.0, 0.0, 0.0, 0.0, -2.218190564099299e-10, 0.0, 8.479603830964833e-16, 0.0, -1.951988168094533e-06, -1.1987831452245436e-08, 8.883025950187915e-10], [24834923737395.79, 9610995233228.566, 19068326597458.65]), ([0.0, 0.0, 0.0, 4.710860523699774e-11, 0.0, -1.831653523429603e-15, 0.0, 0.0, -1.8157959296073442e-06, -1.6157715518106916e-08, 0.0], [1356563206368001.0, 549459462101533.0, 1026887529107081.2])]

[]

[([], []), ([0.0, 0.0, 0.0, 0.0, 0.0, 0.0, 0.0, 1.7559133919720934e-05, -2.1106506834474595e-06, 0.0, 7.808741393740688e-10], [9580437499768.488, 4486955766651.283, 6888264039777.719]), ([0.0, 0.0, 0.0, 0.0, -1.5245462455450518e-10, 0.0, 0.0, 0.0, 0.0, -1.398105475136893e-08, 0.0], [63968457841067.93, 29125141756617.332, 46493372787097.53]), ([0.0, 0.0, 0.0, 4.279445299062541e-11, 0.0, 0.0, 0.0, 2.0119363904171325e-05, 0.0, 0.0, 0.0], [64599206693859.72, 22770280342628.42, 50937038488282.664]), ([0.0, 0.0, -2.509458350593802e-13, 0.0, 0.0, 0.0, 0.0, 2.58074727704248e-05, 0.0, 0.0, 0.0], [94894434713785.4, 33880203092964.7, 74566312858006.58]), ([0.0, -1.153273510011304e-12, 0.0, 0.0, 0.0, 0.0, 9.30977968243383e-16, 0.0, 0.0, 0.0, 0.0], [4843747391685.004, 2031280283262.183, 3624979221727.6943]), ([0.0, -1.4153037354918858e-12, 0.0, 0.0, 0.0, 0.0, 0.0, 0.0, -2.2523382706190398e-06, 0.0, 0.0], [941324033935948.8, 376288345546439.8, 715551026608084.9]), ([0.0, 0.0, 0.0, 0.0, 0.0, -2.1288789962556297e-15, 0.0, 0.0, 0.0, 0.0, 0.0], [3325644452540.962, 1973053949008.3098, 2141812083135.9758]), ([0.0, -1.83178615357197e-12, -1.8949951114310923e-13, 4.3988761079521225e-11, 0.0, -1.6467860679386323e-15, 0.0, 0.0, 0.0, 0.0, 1.2156869085470648e-09], [1734750564561126.5, 677773142798262.8, 1328086678882168.8]), ([0.0, 0.0, 0.0, 0.0, 0.0, 0.0, 0.0, 0.0, 0.0, -1.3468927958622983e-08, 1.014254246828436e-09], [712117808224418.4, 286460423243970.2, 540241554278036.3]), ([0.0, 0.0, 0.0, 0.0, 0.0, 0.0, 7.980412390065566e-16, 0.0, 0.0, -2.057016339415124e-08, 0.0], [157632203555018.47, 68035131463183.64, 116811124677108.3]), ([0.0, 0.0, 0.0, 4.534793823349499e-11, 0.0, 0.0, 0.0, 1.6914505386040184e-05, 0.0, 0.0, 9.998803532154127e-10], [1644897135493735.5, 645247394844265.6, 1257748698587176.0]), ([0.0, 0.0, 0.0, 0.0, 0.0, 0.0, 7.597717156682338e-16, 2.2917668334915084e-05, -1.4687576520564972e-06, 0.0, 0.0], [157447043759792.44, 67231002101764.266, 117108442498733.88]), ([0.0, -1.788644513937199e-12, -2.2296619666342373e-13, 4.235141249286964e-11, 0.0, 0.0, 0.0, 2.3181509077018263e-05, 0.0, 0.0, 0.0], [80174299214476.88, 28463816407695.695, 63096009369859.46]), ([0.0, 0.0, 0.0, 4.0950075418402826e-11, 0.0, 0.0, 9.139519610379724e-16, 0.0, 0.0, 0.0, 8.878243494432034e-10], [1007759385710824.6, 398054110646167.25, 768926919323124.2]), ([0.0, -1.322234540495482e-12, 0.0, 5.437845044172402e-11, 0.0, -2.336760664530916e-15, 0.0, 0.0, 0.0, 0.0, 0.0], [3465488013247.206, 2145460942475.6895, 2178211447761.7925])]

[([0.0, 0.0, -2.1739141281531437e-13, 0.0, -1.4561868231662278e-10, -1.5842073079191948e-15, 0.0, 0.0, 0.0, 0.0, 0.0], [3202326122322.816, 1671604981369.1196, 2199363133501.344]), ([0.0, 0.0, 0.0, 0.0, 0.0, -1.3262998900637332e-15, 8.806472082009527e-16, 0.0, 0.0, 0.0, 0.0], [3266688980915.4097, 1604752921194.4478, 2303837228198.741])]


[([0.0, 0.0, -2.1739141281531437e-13, 0.0, -1.4561868231662278e-10, -1.5842073079191948e-15, 0.0, 0.0, 0.0, 0.0, 0.0], [3202326122322.816, 1671604981369.1196, 2199363133501.344]), ([0.0, 0.0, 0.0, 0.0, 0.0, -1.3262998900637332e-15, 8.806472082009527e-16, 0.0, 0.0, 0.0, 0.0], [3266688980915.4097, 1604752921194.4478, 2303837228198.741]), ([0.0, -1.3718695642164273e-12, -2.86133490083856e-13, 0.0, 0.0, 0.0, 0.0, 0.0, 0.0, 0.0, 0.0], [4843747391685.002, 2031280283262.1824, 3624979221727.693])]

HI
15
